totalCaseNum : 210
averageStep : 197.34285714285716
averageTime : 43.886241904765065
