totalCaseNum : 215
averageStep : 197.83255813953488
averageTime : 76.67823720930555
